function wupf = racah_wupf(W,U,Wp,Up)
% Looks up the racah expression (WU | W'U'+f) given W,U,W',U'
% Tables from Racah IV, Phys. Rev. 76 (1949) 1352 for tableIIIa and tableIIIb
% and from Wybourne, J. Chem. Phys. 36 (1961) 2295 for table IIa

%tableIIIa = [0     1     0     0     0     0     0     0     0     0     0;
%             1     0    1/3   2/3    1     0     0     0     0     0     0;
%             0     1     0     0     0   3/35   2/5  18/35  2/5   3/5    0;
%             0     1     0     0     0     0  -1/10  -9/10   0   3/35  32/35;
%             0     1     0     0     0     0     0     0   2/15  9/35  64/105;
%             0     0     1     0     0     0    -1     0     0     0     0;
%             0     0    2/3  -1/3    0   -1/7  -3/8  27/56   0     0     0;
%             0     0    2/9  -7/9    0     0    1/8  -7/8    0     0     0;
%             0     0     1     0     1     0     0     0     0     0     0;
%             0     0    7/9   2/9    1     0     0     0     0     0     0;
%             0     0     0     1     1     0     0     0     0     0     0;
%             0     0     0     0     0   27/35 -9/40 1/280 -3/5   2/5    0;
%             0     0     0     0     0     0    9/10 -1/10   0   32/35 -3/35;
%             0     0     0     0     0     0    7/8   1/8   1/3   2/7  -8/21;
%             0     0     0     0     0     0     0     1   3/16 -25/112 33/56;
%             0     0     0     0     0     0     0     1     0    1/7   6/7;
%             0     0     0     0     0     0     0     0   8/15 -16/35  1/105;
%             0     0     0     0     0     0     0     0   -1/8  27/56 11/28;
%             0     0     0     0     0     0     0     0     0     0     1];

% W' (000) (100)    (110)   (200)      (111)             (210)                   (211)                          (220)
% U' (00)  (10)  (10) (11)  (20)  (00) (10) (20)    (11) (20) (21)     (10) (11)  (20) (21) (30)            (20) (21) (22)
t = [0     1     0     0     0     0     0     0     0     0     0     0     0     0     0     0            0     0     0;        % 00 000
     1     0    1/3   2/3    1     0     0     0     0     0     0     0     0     0     0     0            0     0     0;        % 10 100
     0     1     0     0     0   3/35   2/5  18/35  2/5   3/5    0     0     0     0     0     0            0     0     0;        % 10 110
     0     1     0     0     0     0  -1/10  -9/10   0   3/35  32/35   0     0     0     0     0            0     0     0;        % 11 
     0     1     0     0     0     0     0     0   2/15  9/35  64/105  0     0     0     0     0            0     0     0;        % 20 200
     0     0     1     0     0     0    -1     0     0     0     0    [1     0     0     0     0]./1        0     0     0;        % 00 111
     0     0    2/3  -1/3    0   -1/7  -3/8  27/56   0     0     0   [-1     8    15     0     0]./24       0     0     0;        % 10
     0     0    2/9  -7/9    0     0    1/8  -7/8    0     0     0    [1   -56   135  2560  3080]./5832     0     0     0;        % 20
     0     0     1     0     1     0     0     0     0     0     0   [-7     0    15    20     0]./42    9/14 -5/14     0;        % 11 210
     0     0    7/9   2/9    1     0     0     0     0     0     0   [98   448   270  -500   385]./1701  -2/7   5/7     0;        % 20
     0     0     0     1     1     0     0     0     0     0     0    [0    -7   -60   220   385]./672     [9   880  2695]./3584; % 21
     0     0     0     0     0   27/35 -9/40 1/280 -3/5   2/5    0   [-5    40   -27     0     0]./72       0     0     0;        % 10 211
     0     0     0     0     0     0    9/10 -1/10   0   32/35 -3/35 [35     0   -27    64     0]./126      0     0     0;        % 11
     0     0     0     0     0     0    7/8   1/8   1/3   2/7  -8/21 [-245 -280 -867  -512   616]./2520     0     0     0;        % 20
     0     0     0     0     0     0     0     1   3/16 -25/112 33/56 [0    35   -27  -176    77]./315      0     0     0;        % 21
     0     0     0     0     0     0     0     1     0    1/7   6/7   [0     0    27    64  -224]./315      0     0     0;        % 30
     0     0     0     0     0     0     0     0   8/15 -16/35  1/105  0     0     0     0     0            0     0     0;        % 20 220
     0     0     0     0     0     0     0     0   -1/8  27/56 11/28   0     0     0     0     0            0     0     0;        % 21
     0     0     0     0     0     0     0     0     0     0     1     0     0     0     0     0            0     0     0;        % 22
     0     0     0     0     0     0     0     0     0     0     0    [8     1     0     0     0]./9       -1     0     0;        % 10 221
     0     0     0     0     0     0     0     0     0     0     0   [35     0    27    -1     0]./63    5/14  9/14     0;        % 11
     0     0     0     0     0     0     0     0     0     0     0    [0    35   -24     4     0]./63     5/7   2/7     0;        % 20
     0     0     0     0     0     0     0     0     0     0     0    [0   385 -1188   100  -343]./2016 [-165 -3888  1323]./5376; % 21
     0     0     0     0     0     0     0     0     0     0     0    [0     0     0     7     2]./9    -5/14  9/14     0;        % 30
     0     0     0     0     0     0     0     0     0     0     0    [0     0     0     1     2]./3        0  -1/6   5/6];       % 31
%                                                                                                           ^     ^     ^
% These columns not complete! Partially reassembled from tabulated cfp listed in Neilson and Foster, 1963 --|-----|-----|
% Table continues below, reconstructed from tabulated cfp and also from the code of Allison and McNulty CPC 8 (1974) 246
% And also using the reciprocity relations (Judd, Op. Techniques in At. Spectr., p.181, eq 7-36).

% W'                       (221)                                           (222)                        %  U  W
% U' (10)    (11)     (20)     (21)     (30)     (31)     (00)     (10)     (20)     (30)     (40)      %
